{
  "advancedEditorSelectedIdentifier" : "ProjectBrowser",
  "openSceneRelativePaths" : [
    "Scene.usda",
    "corgi.usda",
    "chihuahua.usda",
    "pug.usda",
    "frenchie.usda",
    "labrador.usda"
  ],
  "recentIdentifiers" : {

  },
  "sceneCameraHistory" : {
    "4DAE1E4E-BA48-48EC-8D95-1B6B99F982AB" : [
      {
        "date" : 740341816.885155,
        "title" : "Untitled",
        "transform" : [
          0.99999994,
          0,
          -0,
          0,
          -0,
          0.8660254,
          -0.49999994,
          0,
          0,
          0.49999994,
          0.8660254,
          0,
          0,
          0.2324022,
          0.40253246,
          1
        ]
      }
    ],
    "26DBAE76-5DD8-47B6-A085-1B4ADA111097" : [
      {
        "date" : 740341446.178326,
        "title" : "Untitled",
        "transform" : [
          0.99999994,
          0,
          -0,
          0,
          -0,
          0.8660255,
          -0.49999988,
          0,
          0,
          0.49999988,
          0.8660255,
          0,
          0,
          0.23279689,
          0.4034161,
          1
        ]
      }
    ],
    "603CA6AA-8CA7-4AF6-AAAB-16991686F29C" : [
      {
        "date" : 740341619.15011,
        "title" : "Untitled",
        "transform" : [
          0.9880785,
          -6.4551653e-10,
          0.1539509,
          0,
          0.035449687,
          0.9731277,
          -0.22752105,
          0,
          -0.1498139,
          0.23026611,
          0.9615265,
          0,
          -0.07856928,
          0.32171845,
          0.6154045,
          1
        ]
      },
      {
        "date" : 740341552.332202,
        "title" : "Untitled",
        "transform" : [
          0.9880785,
          -6.4551653e-10,
          0.1539509,
          0,
          0.035449687,
          0.9731277,
          -0.22752105,
          0,
          -0.1498139,
          0.23026611,
          0.9615265,
          0,
          0.122972175,
          0.43886304,
          0.6187526,
          1
        ]
      },
      {
        "date" : 740341548.247902,
        "title" : "Untitled",
        "transform" : [
          0.9880785,
          -6.4551653e-10,
          0.1539509,
          0,
          0.035449684,
          0.9731276,
          -0.22752102,
          0,
          -0.1498139,
          0.23026611,
          0.9615265,
          0,
          -0.059603143,
          0.12639083,
          0.44940257,
          1
        ]
      },
      {
        "date" : 740341514.775408,
        "title" : "Untitled",
        "transform" : [
          0.99275047,
          -6.3029015e-10,
          -0.12019323,
          0,
          -0.05183009,
          0.9022453,
          -0.4280969,
          0,
          0.10844378,
          0.43122303,
          0.8957045,
          0,
          0.04237827,
          0.20567179,
          0.4178999,
          1
        ]
      },
      {
        "date" : 740341505.170774,
        "title" : "Untitled",
        "transform" : [
          0.99999994,
          0,
          -0,
          0,
          -0,
          0.8660254,
          -0.49999994,
          0,
          0,
          0.49999994,
          0.8660254,
          0,
          0,
          0.2324022,
          0.40253246,
          1
        ]
      }
    ],
    "A69842FF-5679-4AA5-A984-4241FAABE829" : [
      {
        "date" : 740342289.616652,
        "title" : "Untitled",
        "transform" : [
          -0.81430453,
          -5.3865836e-09,
          0.5804377,
          0,
          0.48275298,
          0.55521774,
          0.6772612,
          0,
          -0.32226938,
          0.8317049,
          -0.45211634,
          0,
          -0.5851117,
          1.0513749,
          -0.16034816,
          1
        ]
      },
      {
        "date" : 740342283.174621,
        "title" : "Untitled",
        "transform" : [
          0.99999994,
          0,
          0,
          0,
          0,
          0.8660254,
          -0.49999994,
          0,
          0,
          0.49999994,
          0.8660254,
          0,
          0.37106764,
          0.72528046,
          0.93095183,
          1
        ]
      },
      {
        "date" : 740342262.325603,
        "title" : "Untitled",
        "transform" : [
          0.99999994,
          0,
          0,
          0,
          0,
          0.8660254,
          -0.49999994,
          0,
          0,
          0.49999994,
          0.8660254,
          0,
          -0.15939546,
          0.8387778,
          0.8654243,
          1
        ]
      },
      {
        "date" : 740342255.758627,
        "title" : "Untitled",
        "transform" : [
          0.99999994,
          0,
          0,
          0,
          0,
          0.8660254,
          -0.49999994,
          0,
          0,
          0.49999994,
          0.8660254,
          0,
          0.4875291,
          0.47225726,
          0.4253584,
          1
        ]
      },
      {
        "date" : 740342243.092117,
        "title" : "Untitled",
        "transform" : [
          0.99999994,
          0,
          0,
          0,
          0,
          0.8660254,
          -0.49999994,
          0,
          0,
          0.49999994,
          0.8660254,
          0,
          -0.28251225,
          0.35934675,
          0.4905473,
          1
        ]
      },
      {
        "date" : 740342241.808867,
        "title" : "Untitled",
        "transform" : [
          0.99999994,
          0,
          0,
          0,
          0,
          0.8660254,
          -0.49999994,
          0,
          0,
          0.49999994,
          0.8660254,
          0,
          0.31688803,
          0.29093933,
          0.5300424,
          1
        ]
      },
      {
        "date" : 740342233.176987,
        "title" : "Untitled",
        "transform" : [
          0.99999994,
          0,
          0,
          0,
          0,
          0.8660254,
          -0.49999994,
          0,
          0,
          0.49999994,
          0.8660254,
          0,
          -0.54271764,
          0.4599471,
          0.43246573,
          1
        ]
      },
      {
        "date" : 740342223.991026,
        "title" : "Untitled",
        "transform" : [
          0.99999994,
          0,
          0,
          0,
          0,
          0.8660254,
          -0.49999994,
          0,
          0,
          0.49999994,
          0.8660254,
          0,
          0.055810034,
          1.1311978,
          1.2058797,
          1
        ]
      },
      {
        "date" : 740342190.086893,
        "title" : "Untitled",
        "transform" : [
          0.99999994,
          0,
          -0,
          0,
          -0,
          0.8660254,
          -0.49999994,
          0,
          0,
          0.49999994,
          0.8660254,
          0,
          0,
          0.2324022,
          0.40253246,
          1
        ]
      }
    ],
    "D4B48E8C-5BF8-4C55-B702-0D28FBE24EE5" : [
      {
        "date" : 740342143.789031,
        "title" : "Untitled",
        "transform" : [
          0.7433055,
          2.0290836e-08,
          -0.6689521,
          0,
          -0.23950131,
          0.93371207,
          -0.26612163,
          0,
          0.6246087,
          0.3580246,
          0.6940333,
          0,
          0.4518466,
          0.41260564,
          0.48388088,
          1
        ]
      },
      {
        "date" : 740342140.358642,
        "title" : "Untitled",
        "transform" : [
          0.7433055,
          2.0263677e-09,
          -0.6689521,
          0,
          -0.23950134,
          0.93371207,
          -0.26612166,
          0,
          0.6246087,
          0.3580246,
          0.6940333,
          0,
          0.26167306,
          0.24475285,
          0.21227808,
          1
        ]
      },
      {
        "date" : 740341763.10446,
        "title" : "Untitled",
        "transform" : [
          0.74330544,
          2.0263675e-09,
          -0.66895205,
          0,
          -0.23950134,
          0.93371207,
          -0.26612166,
          0,
          0.6246087,
          0.3580246,
          0.6940333,
          0,
          0.46677735,
          0.55252725,
          0.7063179,
          1
        ]
      },
      {
        "date" : 740341670.764987,
        "title" : "Untitled",
        "transform" : [
          0.99999994,
          0,
          0,
          0,
          0,
          0.8660254,
          -0.49999994,
          0,
          0,
          0.49999994,
          0.8660254,
          0,
          -0.11736862,
          0.6818016,
          0.8227536,
          1
        ]
      },
      {
        "date" : 740341655.866492,
        "title" : "Untitled",
        "transform" : [
          0.99999994,
          0,
          0,
          0,
          0,
          0.8660254,
          -0.49999994,
          0,
          0,
          0.49999994,
          0.8660254,
          0,
          -0.20773573,
          0.5213658,
          0.9153811,
          1
        ]
      },
      {
        "date" : 740341610.63351,
        "title" : "Untitled",
        "transform" : [
          0.99999994,
          0,
          0,
          0,
          0,
          0.8660254,
          -0.49999994,
          0,
          0,
          0.49999994,
          0.8660254,
          0,
          -0.033291116,
          0.55913407,
          0.8935756,
          1
        ]
      },
      {
        "date" : 740341573.431597,
        "title" : "Untitled",
        "transform" : [
          0.99999994,
          0,
          0,
          0,
          0,
          0.8660254,
          -0.49999994,
          0,
          0,
          0.49999994,
          0.8660254,
          0,
          -0.01468908,
          0.24670741,
          0.39427346,
          1
        ]
      },
      {
        "date" : 740341567.814791,
        "title" : "Untitled",
        "transform" : [
          0.99999994,
          0,
          0,
          0,
          0,
          0.8660254,
          -0.49999994,
          0,
          0,
          0.49999994,
          0.8660254,
          0,
          0.052641436,
          0.19422829,
          0.42457226,
          1
        ]
      },
      {
        "date" : 740341564.90957,
        "title" : "Untitled",
        "transform" : [
          0.99999994,
          0,
          -0,
          0,
          -0,
          0.8660254,
          -0.49999994,
          0,
          0,
          0.49999994,
          0.8660254,
          0,
          0,
          0.2324022,
          0.40253246,
          1
        ]
      }
    ],
    "D5FBD480-6797-4E82-9247-E65F19BE91A5" : [
      {
        "date" : 740341753.692673,
        "title" : "Untitled",
        "transform" : [
          -0.032552257,
          5.981554e-11,
          -0.99947,
          0,
          -0.43840277,
          0.89866513,
          0.014278566,
          0,
          0.8981889,
          0.43863523,
          -0.029253578,
          0,
          0.6032778,
          0.39629468,
          0.008498634,
          1
        ]
      },
      {
        "date" : 740341706.783693,
        "title" : "Untitled",
        "transform" : [
          0.99999994,
          0,
          0,
          0,
          0,
          0.8660254,
          -0.49999994,
          0,
          0,
          0.49999994,
          0.8660254,
          0,
          -0.028132185,
          0.43720168,
          0.57369775,
          1
        ]
      },
      {
        "date" : 740341692.480767,
        "title" : "Untitled",
        "transform" : [
          0.99999994,
          0,
          -0,
          0,
          -0,
          0.8660254,
          -0.49999994,
          0,
          0,
          0.49999994,
          0.8660254,
          0,
          0,
          0.2324022,
          0.40253246,
          1
        ]
      }
    ]
  },
  "selectedSceneRelativePath" : "chihuahua.usda"
}