{
  "advancedEditorSelectedIdentifier" : "ProjectBrowser",
  "openSceneRelativePaths" : [
    "Mars.usda",
    "Earth.usda",
    "Mercury.usda",
    "Venus.usda",
    "SolarSystem.usda",
    "dogs.usda",
    "chihuahua.usda"
  ],
  "recentIdentifiers" : {

  },
  "sceneCameraHistory" : {
    "2CFE1773-DFB4-4EF5-93F6-299ADF470E24" : [
      {
        "date" : 740410191.539374,
        "title" : "Untitled",
        "transform" : [
          0.99999994,
          0,
          0,
          0,
          0,
          0.8660254,
          -0.49999988,
          0,
          0,
          0.49999988,
          0.8660254,
          0,
          -0.30203623,
          0.33634472,
          0.7981184,
          1
        ]
      },
      {
        "date" : 740410175.206185,
        "title" : "Untitled",
        "transform" : [
          0.99999994,
          0,
          0,
          0,
          0,
          0.8660254,
          -0.49999988,
          0,
          0,
          0.49999988,
          0.8660254,
          0,
          0.02811926,
          0.3458515,
          0.7926297,
          1
        ]
      },
      {
        "date" : 740410170.422024,
        "title" : "Untitled",
        "transform" : [
          0.99999994,
          0,
          0,
          0,
          0,
          0.8660254,
          -0.49999988,
          0,
          0,
          0.49999988,
          0.8660254,
          0,
          0.14542747,
          1.7886782,
          4.09933,
          1
        ]
      },
      {
        "date" : 740410155.253071,
        "title" : "Untitled",
        "transform" : [
          0.99999994,
          0,
          0,
          0,
          0,
          0.8660254,
          -0.49999988,
          0,
          0,
          0.49999988,
          0.8660254,
          0,
          -6.6744413,
          1.7759871,
          4.1066575,
          1
        ]
      },
      {
        "date" : 740410148.384835,
        "title" : "Untitled",
        "transform" : [
          0.99999994,
          0,
          0,
          0,
          0,
          0.8660254,
          -0.49999988,
          0,
          0,
          0.49999988,
          0.8660254,
          0,
          0,
          0.2340944,
          0.40546343,
          1
        ]
      },
      {
        "date" : 740410138.622065,
        "title" : "Untitled",
        "transform" : [
          0.99999994,
          0,
          -0,
          0,
          -0,
          0.8660254,
          -0.49999988,
          0,
          0,
          0.49999988,
          0.8660254,
          0,
          0,
          0.2340944,
          0.40546343,
          1
        ]
      }
    ],
    "4DAE1E4E-BA48-48EC-8D95-1B6B99F982AB" : [
      {
        "date" : 740341816.885155,
        "title" : "Untitled",
        "transform" : [
          0.99999994,
          0,
          -0,
          0,
          -0,
          0.8660254,
          -0.49999994,
          0,
          0,
          0.49999994,
          0.8660254,
          0,
          0,
          0.2324022,
          0.40253246,
          1
        ]
      }
    ],
    "26DBAE76-5DD8-47B6-A085-1B4ADA111097" : [
      {
        "date" : 740341446.178326,
        "title" : "Untitled",
        "transform" : [
          0.99999994,
          0,
          -0,
          0,
          -0,
          0.8660255,
          -0.49999988,
          0,
          0,
          0.49999988,
          0.8660255,
          0,
          0,
          0.23279689,
          0.4034161,
          1
        ]
      }
    ],
    "352AC165-9400-4D76-94DE-AC05806B25CD" : [
      {
        "date" : 740382158.741567,
        "title" : "Untitled",
        "transform" : [
          0.99856114,
          -2.0049635e-09,
          -0.05362418,
          0,
          -0.026810074,
          0.8660471,
          -0.49924308,
          0,
          0.046441063,
          0.49996245,
          0.86480105,
          0,
          0.03159906,
          0.3386261,
          0.59888077,
          1
        ]
      },
      {
        "date" : 740382156.967622,
        "title" : "Untitled",
        "transform" : [
          0.99856114,
          -2.0049635e-09,
          -0.05362418,
          0,
          -0.026810074,
          0.8660471,
          -0.49924308,
          0,
          0.046441063,
          0.49996245,
          0.86480105,
          0,
          0.065816864,
          0.70699865,
          1.236067,
          1
        ]
      },
      {
        "date" : 740382141.940504,
        "title" : "Untitled",
        "transform" : [
          0.99856114,
          -2.0049635e-09,
          -0.05362418,
          0,
          -0.026810074,
          0.8660471,
          -0.49924308,
          0,
          0.04644106,
          0.4999624,
          0.86480093,
          0,
          5.883224,
          63.335716,
          109.563896,
          1
        ]
      },
      {
        "date" : 740382138.150775,
        "title" : "Untitled",
        "transform" : [
          0.9984486,
          -2.0049635e-09,
          -0.05568104,
          0,
          -0.027838426,
          0.8660471,
          -0.4991868,
          0,
          0.048222397,
          0.4999624,
          0.8647035,
          0,
          27.555767,
          285.69278,
          494.1616,
          1
        ]
      },
      {
        "date" : 740382095.408585,
        "title" : "Untitled",
        "transform" : [
          0.99844855,
          0,
          -0.055681024,
          0,
          -0.02784051,
          0.8660254,
          -0.49922425,
          0,
          0.048221182,
          0.49999994,
          0.86468184,
          0,
          -2.816927,
          2.5285003,
          39.34012,
          1
        ]
      },
      {
        "date" : 740382092.233833,
        "title" : "Untitled",
        "transform" : [
          0.99844855,
          0,
          -0.055681024,
          0,
          -0.02784051,
          0.8660254,
          -0.49922425,
          0,
          0.048221182,
          0.49999994,
          0.86468184,
          0,
          -3.031158,
          0.30713665,
          35.498543,
          1
        ]
      },
      {
        "date" : 740382088.161356,
        "title" : "Untitled",
        "transform" : [
          0.99844855,
          0,
          -0.055681024,
          0,
          -0.02784051,
          0.8660254,
          -0.49922425,
          0,
          0.048221182,
          0.49999994,
          0.86468184,
          0,
          -1.9468344,
          11.550528,
          54.94255,
          1
        ]
      },
      {
        "date" : 740382078.596156,
        "title" : "Untitled",
        "transform" : [
          0.99844855,
          0,
          -0.055681024,
          0,
          -0.02784051,
          0.8660254,
          -0.49922425,
          0,
          0.048221182,
          0.49999994,
          0.86468184,
          0,
          -0.00829179,
          0.049195018,
          0.2340066,
          1
        ]
      },
      {
        "date" : 740382067.929937,
        "title" : "Untitled",
        "transform" : [
          0.99844855,
          0,
          -0.055681024,
          0,
          -0.02784051,
          0.8660254,
          -0.49922425,
          0,
          0.048221182,
          0.49999994,
          0.86468184,
          0,
          -0.06534221,
          0.387674,
          1.8440541,
          1
        ]
      },
      {
        "date" : 740382050.59663,
        "title" : "Untitled",
        "transform" : [
          0.99844855,
          0,
          -0.055681024,
          0,
          -0.02784051,
          0.8660254,
          -0.49922425,
          0,
          0.048221182,
          0.49999994,
          0.86468184,
          0,
          0.12566413,
          1.4828063,
          2.9478414,
          1
        ]
      }
    ],
    "603CA6AA-8CA7-4AF6-AAAB-16991686F29C" : [
      {
        "date" : 740341619.15011,
        "title" : "Untitled",
        "transform" : [
          0.9880785,
          -6.4551653e-10,
          0.1539509,
          0,
          0.035449687,
          0.9731277,
          -0.22752105,
          0,
          -0.1498139,
          0.23026611,
          0.9615265,
          0,
          -0.07856928,
          0.32171845,
          0.6154045,
          1
        ]
      },
      {
        "date" : 740341552.332202,
        "title" : "Untitled",
        "transform" : [
          0.9880785,
          -6.4551653e-10,
          0.1539509,
          0,
          0.035449687,
          0.9731277,
          -0.22752105,
          0,
          -0.1498139,
          0.23026611,
          0.9615265,
          0,
          0.122972175,
          0.43886304,
          0.6187526,
          1
        ]
      },
      {
        "date" : 740341548.247902,
        "title" : "Untitled",
        "transform" : [
          0.9880785,
          -6.4551653e-10,
          0.1539509,
          0,
          0.035449684,
          0.9731276,
          -0.22752102,
          0,
          -0.1498139,
          0.23026611,
          0.9615265,
          0,
          -0.059603143,
          0.12639083,
          0.44940257,
          1
        ]
      },
      {
        "date" : 740341514.775408,
        "title" : "Untitled",
        "transform" : [
          0.99275047,
          -6.3029015e-10,
          -0.12019323,
          0,
          -0.05183009,
          0.9022453,
          -0.4280969,
          0,
          0.10844378,
          0.43122303,
          0.8957045,
          0,
          0.04237827,
          0.20567179,
          0.4178999,
          1
        ]
      },
      {
        "date" : 740341505.170774,
        "title" : "Untitled",
        "transform" : [
          0.99999994,
          0,
          -0,
          0,
          -0,
          0.8660254,
          -0.49999994,
          0,
          0,
          0.49999994,
          0.8660254,
          0,
          0,
          0.2324022,
          0.40253246,
          1
        ]
      }
    ],
    "A46D3A3F-530B-40A5-A216-18A1B6559FE5" : [
      {
        "date" : 740382581.401179,
        "title" : "Untitled",
        "transform" : [
          0.99999994,
          0,
          0,
          0,
          0,
          0.8660254,
          -0.49999994,
          0,
          0,
          0.49999994,
          0.8660254,
          0,
          0.102674834,
          0.15604916,
          0.36393932,
          1
        ]
      },
      {
        "date" : 740382573.870042,
        "title" : "Untitled",
        "transform" : [
          0.99999994,
          0,
          0,
          0,
          0,
          0.8660254,
          -0.49999994,
          0,
          0,
          0.49999994,
          0.8660254,
          0,
          -0.24508822,
          0.2693913,
          0.29850116,
          1
        ]
      },
      {
        "date" : 740382557.133543,
        "title" : "Untitled",
        "transform" : [
          0.99999994,
          0,
          0,
          0,
          0,
          0.8660254,
          -0.49999994,
          0,
          0,
          0.49999994,
          0.8660254,
          0,
          0.62380177,
          0.8309785,
          1.3341514,
          1
        ]
      },
      {
        "date" : 740382549.350374,
        "title" : "Untitled",
        "transform" : [
          0.99999994,
          0,
          0,
          0,
          0,
          0.8660254,
          -0.49999994,
          0,
          0,
          0.49999994,
          0.8660254,
          0,
          0.01984942,
          3.735502,
          -0.34277582,
          1
        ]
      },
      {
        "date" : 740382537.815872,
        "title" : "Untitled",
        "transform" : [
          0.99999994,
          0,
          0,
          0,
          0,
          0.8660254,
          -0.49999994,
          0,
          0,
          0.49999994,
          0.8660254,
          0,
          0,
          0.785449,
          1.3604378,
          1
        ]
      },
      {
        "date" : 740382523.539247,
        "title" : "Untitled",
        "transform" : [
          0.99999994,
          0,
          -0,
          0,
          -0,
          0.8660254,
          -0.49999994,
          0,
          0,
          0.49999994,
          0.8660254,
          0,
          0,
          0.2324022,
          0.40253246,
          1
        ]
      }
    ],
    "A69842FF-5679-4AA5-A984-4241FAABE829" : [
      {
        "date" : 740342289.616652,
        "title" : "Untitled",
        "transform" : [
          -0.81430453,
          -5.3865836e-09,
          0.5804377,
          0,
          0.48275298,
          0.55521774,
          0.6772612,
          0,
          -0.32226938,
          0.8317049,
          -0.45211634,
          0,
          -0.5851117,
          1.0513749,
          -0.16034816,
          1
        ]
      },
      {
        "date" : 740342283.174621,
        "title" : "Untitled",
        "transform" : [
          0.99999994,
          0,
          0,
          0,
          0,
          0.8660254,
          -0.49999994,
          0,
          0,
          0.49999994,
          0.8660254,
          0,
          0.37106764,
          0.72528046,
          0.93095183,
          1
        ]
      },
      {
        "date" : 740342262.325603,
        "title" : "Untitled",
        "transform" : [
          0.99999994,
          0,
          0,
          0,
          0,
          0.8660254,
          -0.49999994,
          0,
          0,
          0.49999994,
          0.8660254,
          0,
          -0.15939546,
          0.8387778,
          0.8654243,
          1
        ]
      },
      {
        "date" : 740342255.758627,
        "title" : "Untitled",
        "transform" : [
          0.99999994,
          0,
          0,
          0,
          0,
          0.8660254,
          -0.49999994,
          0,
          0,
          0.49999994,
          0.8660254,
          0,
          0.4875291,
          0.47225726,
          0.4253584,
          1
        ]
      },
      {
        "date" : 740342243.092117,
        "title" : "Untitled",
        "transform" : [
          0.99999994,
          0,
          0,
          0,
          0,
          0.8660254,
          -0.49999994,
          0,
          0,
          0.49999994,
          0.8660254,
          0,
          -0.28251225,
          0.35934675,
          0.4905473,
          1
        ]
      },
      {
        "date" : 740342241.808867,
        "title" : "Untitled",
        "transform" : [
          0.99999994,
          0,
          0,
          0,
          0,
          0.8660254,
          -0.49999994,
          0,
          0,
          0.49999994,
          0.8660254,
          0,
          0.31688803,
          0.29093933,
          0.5300424,
          1
        ]
      },
      {
        "date" : 740342233.176987,
        "title" : "Untitled",
        "transform" : [
          0.99999994,
          0,
          0,
          0,
          0,
          0.8660254,
          -0.49999994,
          0,
          0,
          0.49999994,
          0.8660254,
          0,
          -0.54271764,
          0.4599471,
          0.43246573,
          1
        ]
      },
      {
        "date" : 740342223.991026,
        "title" : "Untitled",
        "transform" : [
          0.99999994,
          0,
          0,
          0,
          0,
          0.8660254,
          -0.49999994,
          0,
          0,
          0.49999994,
          0.8660254,
          0,
          0.055810034,
          1.1311978,
          1.2058797,
          1
        ]
      },
      {
        "date" : 740342190.086893,
        "title" : "Untitled",
        "transform" : [
          0.99999994,
          0,
          -0,
          0,
          -0,
          0.8660254,
          -0.49999994,
          0,
          0,
          0.49999994,
          0.8660254,
          0,
          0,
          0.2324022,
          0.40253246,
          1
        ]
      }
    ],
    "B00A754C-6FC9-4869-8B23-ED3147C39AA3" : [
      {
        "date" : 740382197.661124,
        "title" : "Untitled",
        "transform" : [
          0.99999994,
          0,
          0,
          0,
          0,
          0.8660254,
          -0.49999994,
          0,
          0,
          0.49999994,
          0.8660254,
          0,
          -0.16736317,
          0.35625547,
          0.8867251,
          1
        ]
      },
      {
        "date" : 740382133.313981,
        "title" : "Untitled",
        "transform" : [
          0.99999994,
          0,
          0,
          0,
          0,
          0.8660254,
          -0.49999994,
          0,
          0,
          0.49999994,
          0.8660254,
          0,
          -0.16884023,
          1.8581048,
          4.9636955,
          1
        ]
      },
      {
        "date" : 740382105.620349,
        "title" : "Untitled",
        "transform" : [
          0.99999994,
          0,
          0,
          0,
          0,
          0.8660254,
          -0.49999994,
          0,
          0,
          0.49999994,
          0.8660254,
          0,
          -0.0042474344,
          0.68875605,
          1.15931,
          1
        ]
      },
      {
        "date" : 740381890.265668,
        "title" : "Untitled",
        "transform" : [
          0.99999994,
          0,
          -0,
          0,
          -0,
          0.8660254,
          -0.49999994,
          0,
          0,
          0.49999994,
          0.8660254,
          0,
          0,
          0.2324022,
          0.40253246,
          1
        ]
      }
    ],
    "BF03B58D-6B6C-4CE8-8111-D9989FF505E1" : [
      {
        "date" : 740342818.841166,
        "title" : "Untitled",
        "transform" : [
          0.99999994,
          0,
          0,
          0,
          0,
          0.8660254,
          -0.49999994,
          0,
          0,
          0.49999994,
          0.8660254,
          0,
          -0.0032028472,
          1.4096144,
          2.2936811,
          1
        ]
      },
      {
        "date" : 740342775.659725,
        "title" : "Untitled",
        "transform" : [
          0.99999994,
          0,
          0,
          0,
          0,
          0.8660254,
          -0.49999994,
          0,
          0,
          0.49999994,
          0.8660254,
          0,
          -0.003202847,
          0.5402601,
          0.78791505,
          1
        ]
      },
      {
        "date" : 740342762.567957,
        "title" : "Untitled",
        "transform" : [
          0.99999994,
          0,
          -0,
          0,
          -0,
          0.8660254,
          -0.49999994,
          0,
          0,
          0.49999994,
          0.8660254,
          0,
          0,
          0.2324022,
          0.40253246,
          1
        ]
      }
    ],
    "D4B48E8C-5BF8-4C55-B702-0D28FBE24EE5" : [
      {
        "date" : 740342143.789031,
        "title" : "Untitled",
        "transform" : [
          0.7433055,
          2.0290836e-08,
          -0.6689521,
          0,
          -0.23950131,
          0.93371207,
          -0.26612163,
          0,
          0.6246087,
          0.3580246,
          0.6940333,
          0,
          0.4518466,
          0.41260564,
          0.48388088,
          1
        ]
      },
      {
        "date" : 740342140.358642,
        "title" : "Untitled",
        "transform" : [
          0.7433055,
          2.0263677e-09,
          -0.6689521,
          0,
          -0.23950134,
          0.93371207,
          -0.26612166,
          0,
          0.6246087,
          0.3580246,
          0.6940333,
          0,
          0.26167306,
          0.24475285,
          0.21227808,
          1
        ]
      },
      {
        "date" : 740341763.10446,
        "title" : "Untitled",
        "transform" : [
          0.74330544,
          2.0263675e-09,
          -0.66895205,
          0,
          -0.23950134,
          0.93371207,
          -0.26612166,
          0,
          0.6246087,
          0.3580246,
          0.6940333,
          0,
          0.46677735,
          0.55252725,
          0.7063179,
          1
        ]
      },
      {
        "date" : 740341670.764987,
        "title" : "Untitled",
        "transform" : [
          0.99999994,
          0,
          0,
          0,
          0,
          0.8660254,
          -0.49999994,
          0,
          0,
          0.49999994,
          0.8660254,
          0,
          -0.11736862,
          0.6818016,
          0.8227536,
          1
        ]
      },
      {
        "date" : 740341655.866492,
        "title" : "Untitled",
        "transform" : [
          0.99999994,
          0,
          0,
          0,
          0,
          0.8660254,
          -0.49999994,
          0,
          0,
          0.49999994,
          0.8660254,
          0,
          -0.20773573,
          0.5213658,
          0.9153811,
          1
        ]
      },
      {
        "date" : 740341610.63351,
        "title" : "Untitled",
        "transform" : [
          0.99999994,
          0,
          0,
          0,
          0,
          0.8660254,
          -0.49999994,
          0,
          0,
          0.49999994,
          0.8660254,
          0,
          -0.033291116,
          0.55913407,
          0.8935756,
          1
        ]
      },
      {
        "date" : 740341573.431597,
        "title" : "Untitled",
        "transform" : [
          0.99999994,
          0,
          0,
          0,
          0,
          0.8660254,
          -0.49999994,
          0,
          0,
          0.49999994,
          0.8660254,
          0,
          -0.01468908,
          0.24670741,
          0.39427346,
          1
        ]
      },
      {
        "date" : 740341567.814791,
        "title" : "Untitled",
        "transform" : [
          0.99999994,
          0,
          0,
          0,
          0,
          0.8660254,
          -0.49999994,
          0,
          0,
          0.49999994,
          0.8660254,
          0,
          0.052641436,
          0.19422829,
          0.42457226,
          1
        ]
      },
      {
        "date" : 740341564.90957,
        "title" : "Untitled",
        "transform" : [
          0.99999994,
          0,
          -0,
          0,
          -0,
          0.8660254,
          -0.49999994,
          0,
          0,
          0.49999994,
          0.8660254,
          0,
          0,
          0.2324022,
          0.40253246,
          1
        ]
      }
    ],
    "D5FBD480-6797-4E82-9247-E65F19BE91A5" : [
      {
        "date" : 740341753.692673,
        "title" : "Untitled",
        "transform" : [
          -0.032552257,
          5.981554e-11,
          -0.99947,
          0,
          -0.43840277,
          0.89866513,
          0.014278566,
          0,
          0.8981889,
          0.43863523,
          -0.029253578,
          0,
          0.6032778,
          0.39629468,
          0.008498634,
          1
        ]
      },
      {
        "date" : 740341706.783693,
        "title" : "Untitled",
        "transform" : [
          0.99999994,
          0,
          0,
          0,
          0,
          0.8660254,
          -0.49999994,
          0,
          0,
          0.49999994,
          0.8660254,
          0,
          -0.028132185,
          0.43720168,
          0.57369775,
          1
        ]
      },
      {
        "date" : 740341692.480767,
        "title" : "Untitled",
        "transform" : [
          0.99999994,
          0,
          -0,
          0,
          -0,
          0.8660254,
          -0.49999994,
          0,
          0,
          0.49999994,
          0.8660254,
          0,
          0,
          0.2324022,
          0.40253246,
          1
        ]
      }
    ],
    "E39B1F74-DD36-452C-BA50-2FCF10576460" : [
      {
        "date" : 740382178.15254,
        "title" : "Untitled",
        "transform" : [
          0.99999994,
          0,
          0,
          0,
          0,
          0.8660254,
          -0.49999994,
          0,
          0,
          0.49999994,
          0.8660254,
          0,
          0.004450549,
          0.39521873,
          0.39912415,
          1
        ]
      },
      {
        "date" : 740382041.914688,
        "title" : "Untitled",
        "transform" : [
          0.99999994,
          0,
          0,
          0,
          0,
          0.8660254,
          -0.49999994,
          0,
          0,
          0.49999994,
          0.8660254,
          0,
          0.0281474,
          2.4995522,
          2.524252,
          1
        ]
      },
      {
        "date" : 740382040.448083,
        "title" : "Untitled",
        "transform" : [
          0.99999994,
          0,
          0,
          0,
          0,
          0.8660254,
          -0.49999994,
          0,
          0,
          0.49999994,
          0.8660254,
          0,
          0,
          1.717921,
          2.9755268,
          1
        ]
      },
      {
        "date" : 740381902.720214,
        "title" : "Untitled",
        "transform" : [
          0.99999994,
          0,
          -0,
          0,
          -0,
          0.8660254,
          -0.49999994,
          0,
          0,
          0.49999994,
          0.8660254,
          0,
          0,
          0.2324022,
          0.40253246,
          1
        ]
      }
    ],
    "FBCD25B9-D9F3-48CB-9BB6-22A9F1545016" : [
      {
        "date" : 740382212.11666,
        "title" : "Untitled",
        "transform" : [
          0.99999994,
          0,
          0,
          0,
          0,
          0.8660254,
          -0.49999994,
          0,
          0,
          0.49999994,
          0.8660254,
          0,
          -0.001967051,
          0.5047456,
          0.87192196,
          1
        ]
      },
      {
        "date" : 740382114.486979,
        "title" : "Untitled",
        "transform" : [
          0.99999994,
          0,
          0,
          0,
          0,
          0.8660254,
          -0.49999994,
          0,
          0,
          0.49999994,
          0.8660254,
          0,
          -0.001967051,
          2.6619618,
          4.6083374,
          1
        ]
      },
      {
        "date" : 740382109.674348,
        "title" : "Untitled",
        "transform" : [
          0.99999994,
          0,
          0,
          0,
          0,
          0.8660254,
          -0.49999994,
          0,
          0,
          0.49999994,
          0.8660254,
          0,
          0,
          1.171078,
          2.0283666,
          1
        ]
      },
      {
        "date" : 740381870.61325,
        "title" : "Untitled",
        "transform" : [
          0.99999994,
          0,
          -0,
          0,
          -0,
          0.8660254,
          -0.49999994,
          0,
          0,
          0.49999994,
          0.8660254,
          0,
          0,
          0.2324022,
          0.40253246,
          1
        ]
      }
    ]
  },
  "selectedSceneRelativePath" : "chihuahua.usda"
}